24
NOR2      0         -         817         87    
AND2      1         -         818         136   
OR2       2         -         894         106   
XOR2      3         -         815         202   
NOR2      4         -         816         254   
NAND2     5         -         889         215   
XOR2      6         F0        972         152   
AND2      7         -         817         323   
NOR2      8         -         814         377   
AND2      9         -         889         336   
XOR2      10        -         811         452   
NOR2      11        -         810         507   
NAND2     12        -         886         477   
NOR2      13        F1        963         402   
NOT       26        A         583         101   
NOT       27        -         639         100   
NOT       28        B         584         187   
NOT       29        -         640         187   
NOT       30        C         580         275   
NOT       31        -         634         274   
NOT       32        D         576         365   
NOT       33        -         638         365   
NOT       34        E         586         465   
NOT       35        -         640         464   
33
0         2         1         
1         2         2         
3         5         1         
4         5         2         
2         6         1         
5         6         2         
7         9         1         
8         9         2         
10        12        1         
11        12        2         
9         13        1         
12        13        2         
26        27        1         
28        29        1         
30        31        1         
32        33        1         
34        35        1         
27        1         1         
27        11        1         
29        3         1         
29        10        1         
31        0         1         
31        4         1         
31        7         1         
31        8         1         
33        0         2         
33        1         2         
33        3         2         
33        8         2         
35        4         2         
35        7         2         
35        10        2         
35        11        2         
